349.23
1 
440.00 
1 
349.23
1 
329.63
8
0
1 
349.23
1 
440.00
1 
329.63
1
293.66
1
0
1
293.66
1
349.23
1
293.66
1
261.63
4
0
1
293.66
1
440.00
2
392.00
2
0
1
293.66
1
440.00
2
392.00
2
349.23
2
293.66
8
0
1
349.23
1
392.00
1
349.23
1
329.63
8
0
1
329.63
1
392.00
1
329.63
1
261.63
2
0
1
261.63
1
329.63
1
261.63
1
233.08
2
0
1
233.08
1
261.63
1
233.08
1
0
2
220.00
2
233.08
2
261.63
3
293.66
1
329.63
2
0
2
261.63
2
293.66
2
329.63
3
349.23
1
440.00
1
349.23
1
329.63
8
0
1
349.23
1
440.00
1 
329.63
1
293.66
2
0
1
349.23
1
440.00
1
587.33
1 
659.25
4 
0
1
587.33
1
698.46
2
659.25
2
0
1
587.33
1
440.00
2
493.88
2
587.33
2
698.46
6
587.33
2
0
1
698.46
1
783.99
1
698.46
1
659.25
6
0
1
659.25
1
783.99
1
659.25
1
523.25
2
0
1
523.25
1
659.25
1
523.25
1
466.16
1
523.25
1
587.33
1
659.25
1
783.99
1
880.00
1
932.33
10
0
2
932.33
2
880.00
2
0
1
783.99
1
1174.66
2
880.00
2
783.99
2
880.00
6
698.46
6